local Players = game:GetService("Players")
local player = Players.LocalPlayer
local character = player.Character or player.CharacterAdded:Wait()

local animationIds = {
	16311141574, 
	137933662373909, 
	112471633691073, 
	107649573628906, 
	108626770482262, 
	110676785086057, 
	126468024889342, 
	81929189800796, 
	137845184446346, 
	140377514258867, 
	101909265258573, 
	85939913851851, 
	14840458512, 
	16310343179, 
	15943915877, 
	2874840706, 
	15997042291, 
	18447913645, 
	16515503507, 
	16515520431, 
	16515448089, 
	16552234590, 
	17889458563, 
	17889461810, 
	17889471098, 
	17889290569, 
	16749129340, 
	89642715363301, 
	7807831448, 
	7815618175, 
	16023456135, 
	17124061663, 
	17124063826, 
	17124067635, 
	17124084462, 
	17124083290, 
	17124107396, 
	17124105294, 
	17124112547, 
	17124110332, 
	13716964686, 
	77727115892579, 
	75547590335774, 
	10471478869, 
	17275798442, 
	14516273501, 
	10473653782, 
	13499771836, 
	14375217667, 
	13307180024, 
	12295806041, 
	10473654583, 
	10473655082, 
	10473655645, 
	10470389827, 
	17824514728, 
	17824512914, 
	17824518620, 
	120757092696733, 
	10480793962, 
	10491993682, 
	13379404053, 
	14357924814, 
	15955393872, 
	18903642853, 
	131492147325921, 
	125750702, 
	180436148, 
	180436334, 
	178130996, 
	182393478, 
	129967390, 
	129967478, 
	128777973, 
	128853357, 
	182435998, 
	182491037, 
	182491065, 
	182436842, 
	182491248, 
	182491277, 
	182436935, 
	182491368, 
	182491423, 
	129423131, 
	129423030, 
	99643081415160, 
	118383042869348, 
	113201609340793, 
	106778226674700, 
	134934729128196, 
	111810635064735, 
	129295156336675, 
	93125757361125, 
	101680746241828, 
	139229122563753, 
	136363608783208, 
	77053316619185, 
	101859186770986, 
	109608173870373, 
	80293430011221, 
	140145728452253, 
	71063727733290, 
	138819926694160, 
	121440687354239, 
	81416134930511, 
	95156811398036, 
	102938209711074, 
	108719443641457, 
	102174454129081, 
	134823032473116, 
	78547941116306, 
	133225663180459, 
	139039401196042, 
	104651529417410, 
	102201408849991, 
	94311488918867, 
	84608123283347, 
	84303828924826, 
	131920426725963, 
	96185673945954, 
	121381453450722, 
	104031205817566, 
	78615192673057, 
	127304623515480, 
	92883107669654, 
	124337193780872, 
	78851551917642, 
	84359348423275, 
	104956990421479, 
	110694817344709, 
	133121061492478, 
	85271812976018, 
	98491634200850, 
	127113883473285, 
	92116312846822, 
	134228716476620, 
	124645358602106, 
	134273575464340, 
	106400765698758, 
	106128760138039, 
	108557346368699, 
	17863082627, 
	17861884104, 
	17863041811, 
	124040557048936, 
	17861841334, 
	18897661505, 
	18897631758, 
	18897648446, 
	18897664299, 
	18897560632, 
	18897531388, 
	18897643802, 
	18897501714, 
	18897617695, 
	18897731065, 
	18897492506, 
	18897563773, 
	18897628831, 
	17862100862, 
	17861870996, 
	17861898789, 
	17863047324, 
	17863091228, 
	17861898147, 
	17861881962, 
	122647124825700, 
	17861862787, 
	18897695481, 
	18897700236, 
	18897733312, 
	18897558226, 
	18897636555, 
	18897707539, 
	18897499721, 
	18897505064, 
	18897724289, 
	18897726542, 
	18897495704, 
	18897548874, 
	18897604359, 
	18897639790, 
	18897676267, 
	18897673759, 
	17861837529, 
	17861844708, 
	17862993552, 
	17862066234, 
	17861843594, 
	17861773600, 
	17863116997, 
	17863045150, 
	17863077772, 
	17861893708, 
	17861844224, 
	17861869602, 
	17861842039, 
	17863085690, 
	17861849696, 
	17863299880, 
	17861870429, 
	17862419034, 
	17862799431, 
	17861842605, 
	17877281437, 
	120410055632356, 
	17861840167, 
	18459285150, 
	18459317750, 
	18459220516, 
	18897705219, 
	18897669629, 
	18459183268, 
	18897621181, 
	18897634229, 
	18897523693, 
	18450373829, 
	17862470017, 
	18459518606, 
	18459646696, 
	18459402335, 
	17862340094, 
	17863040703, 
	17862170658, 
	17861846501, 
	17863104140, 
	17861883497, 
	17863063827, 
	17861873461, 
	17861893094, 
	18418313278, 
	17862998594, 
	17861834531, 
	17863050431, 
	17861894459, 
	17862366649, 
	15443689801, 
	15443688094, 
	137797933797894, 
	16525536622, 
	16528092313, 
	16526624122, 
	16526164064, 
	136571320124330, 
	16592100518, 
	16591707771, 
	16598695404, 
	16523235955, 
	16523084292, 
	16039093008, 
	16746892678, 
	17266193826, 
	17086754292, 
	16047480326, 
	16524848169, 
	16524522673, 
	16746843881, 
	16746824621, 
	16524478599, 
	16054192884, 
	124365816989281, 
	16039070113, 
	16002450289, 
	16002449836, 
	16599253604, 
	15968735423, 
	15968655778, 
	17121885697, 
	17121883892, 
	15443958574, 
	15443956544, 
	18897538537, 
	18897713456, 
	15503060948, 
	15507138928, 
	16002726844, 
	16002745906, 
	16002681909, 
	16523856701, 
	15684759074, 
	15684890301, 
	15962443652, 
	15962326593, 
	15958281277, 
	16746746641, 
	15958227342, 
	17107937300, 
	17120750680, 
	17122171961, 
	17120709682, 
	17121243447, 
	17121290432, 
	17120734491, 
	15992808444, 
	17121045260, 
	17121145590, 
	17096456977, 
	15684011459, 
	15673779407, 
	17097794422, 
	17097909230, 
	17097820306, 
	91705970671914, 
	118364371117769, 
	17097712387, 
	17097745294, 
	17106858586, 
	15673641958, 
	15673683215, 
	15673595096, 
	15488510937, 
	13715326691, 
	15099756132, 
	15290114868, 
	15099686953, 
	14611879113, 
	17106169665, 
	17096779665, 
	17106188784, 
	17266358630, 
	17266410350, 
	17266385960, 
	17266265770, 
	17266330796, 
	17268390209, 
	17266311371, 
	17096590136, 
	17086698204, 
	17086696468, 
	14611931363, 
	17086333563, 
	17086298638, 
	17086423985, 
	17097068597, 
	17086544068, 
	17108883110, 
	17108683768, 
	17097146599, 
	17097114800, 
	17086507535, 
	17097177356, 
	17097225104, 
	17097275344, 
	17097313490, 
	17097370518, 
	17096931722, 
	17106937938, 
	17097035602, 
	17086440627, 
	17086321064, 
	14496508275, 
	17097940507, 
	15089788940, 
	15089520783, 
	15090141089, 
	15090301130, 
	18450480375, 
	18450597765, 
	18450531343, 
	18450770138, 
	18450448457, 
	18450698238, 
	18450685221, 
	18897715873, 
	18450406917, 
	17292855624, 
	16746808371, 
	17292505729, 
	16522110024, 
	83257080238678, 
	129232331588541, 
	15684849948, 
	15674141176, 
	99277885325374, 
	100120756694061, 
	92009592408067, 
	136339706043215, 
	84734676175472, 
	136634205715198, 
	122143558846408, 
	126505536768184, 
	95977571599797, 
	83122498060756, 
	126729542613743, 
	90429111193022, 
	95582164547526, 
	97763083185838, 
	93094222682042, 
	75393073390365, 
	78773506399466, 
	134468557091532, 
	80518687127249, 
	137202650654919, 
	112380819900693, 
	110165153895915, 
	118344836569256, 
	84352551694194, 
	128242451039706, 
	129722512665420, 
	73523771913372, 
	115179620616154, 
	122887697782216, 
	107071225742389, 
	80768814436661, 
	135067453512312, 
	80454258581844, 
	78259177692699, 
	15090101157, 
	15285521399, 
	15099893403, 
	15503004900, 
	15446959450, 
	15090032390, 
	15090734317, 
	15503362953, 
	16592787958, 
	15502977193, 
	16599398107, 
	17097409396, 
	15297647499, 
	15099900787, 
	15438891684, 
	15100081900, 
	15271569844, 
	16524243757, 
	18897553669, 
	15674164857, 
	15674077481, 
	17109013631, 
	17109012516, 
	17108974875, 
	17108973561, 
	17086594393, 
	131394881582474, 
	15673865087, 
	15673860575, 
	112138009997034, 
	105494624349321, 
	15503546989, 
	15503532950, 
	15284324734, 
	15310973900, 
	15283197429, 
	15271677861, 
	17106924052, 
	17107076756, 
	17120966975, 
	17107199838, 
	17107197570, 
	17120842242, 
	17121769642, 
	17120870445, 
	17120873919, 
	17121695329, 
	17122265672, 
	17122254184, 
	17292579443, 
	17292549897, 
	17106365733, 
	17269134625, 
	17269079177, 
	17268549637, 
	17268991944, 
	17268619636, 
	17268633540, 
	17268742277, 
	17268926242, 
	17268859608, 
	17268716692, 
	17268369862, 
	17268468485, 
	104081288316829, 
	17107015056, 
	17105983229, 
	17137575195, 
	15090459593, 
	15310866392, 
	15283329867, 
	15487200157, 
	17292934579, 
	15090273850, 
	15092699174, 
	89673412896825, 
	17097486020, 
	119367166308066, 
	15089930092, 
	17086291067, 
	15018688063, 
	17086225519, 
	15310466614, 
	14678167232, 
	14697228259, 
	15018466007, 
	14520410356, 
	14659143045, 
	14495337027, 
	136460538117500, 
	14494902453, 
	15502751480, 
	16038562573, 
	14519894954, 
	15963617746, 
	15963602367, 
	17097648428, 
	17096821069, 
	17097627771, 
	17097651485, 
	17106475377, 
	17106466215, 
	17106484670, 
	17108522793, 
	17108399691, 
	17108345170, 
	17465453123, 
	17465871318, 
	17464923657, 
	72439513503134, 
	83001379083977, 
	90129590700134, 
	114351492594331, 
	109864108341281, 
	114307604981653, 
	119026456567237, 
	136739918287439, 
	17096828632, 
	17096829509, 
	17120643504, 
	17120635926, 
	17096487990, 
	17096486393, 
	15685170827, 
	15685307415, 
	16584277208, 
	18897624255, 
	18897625847, 
	139619595225529, 
	114257381413858, 
	114413870666811, 
	111355299827059, 
	72956068899498, 
	140367976090553, 
	18897682478, 
	18897686619, 
	18897684855, 
	18897721681, 
	18897718868, 
	18897899497, 
	18897885015, 
	18897893429, 
	18897896476, 
	18897690248, 
	18897692607, 
	18897652035, 
	18897657904, 
	18897655615, 
	128517914413709, 
	16584194737, 
	15486180872, 
	15018853350, 
	15223422794, 
	15290322193, 
	15007878015, 
	14014580605, 
	15017946867, 
	13935172019, 
	13874517117, 
	15018219692, 
	15017959263, 
	13874572427, 
	15453855128, 
	14612894074, 
	15092657164, 
	15438946008, 
	15453677841, 
	14616272668, 
	14613239786, 
	14403375793, 
	14406991505, 
	15674270929, 
	16593648830, 
	14498295360, 
	14498033288, 
	14056341330, 
	14357783332, 
	15290188901, 
	14056032417, 
	14399170033, 
	14055990256, 
	13801090462, 
	13777338337, 
	13777407704, 
	13736115009, 
	13735821189, 
	8887084105, 
	13720956493, 
	13796404333, 
	15020965094, 
	15488553333, 
	13874287198, 
	13874117043, 
	13801083337, 
	14056379526, 
	13773978314, 
	14056367009, 
	14056370647, 
	16583901798, 
	16584484676, 
	16584466961, 
	13735596559, 
	13735352472, 
	16522919821, 
	84515101199811, 
	15091452031, 
	13727204855, 
	13727117367, 
	18231574269, 
	14056388573, 
	13736196609, 
	14348083862, 
	14351868272, 
	17086054994, 
	16585974532, 
	14405440932, 
	15237948811, 
	16021093085, 
	14352383313, 
	82694531595019, 
	113991685821848, 
	87360104656237, 
	119727504197041, 
	13773998974, 
	13721154327, 
	13735938143, 
	132931842051377, 
	73313263538976, 
	115400109213203, 
	100255267749203, 
	16719053698, 
	16719107050, 
	16725121777, 
	16725167915, 
	16719149848, 
	16719183472, 
	16719205513, 
	16725337143, 
	16719220174, 
	16725350277, 
	16719226293, 
	35654637, 
	125518819402716, 
	18181589384, 
	15944317351, 
	10469493270, 
	13532562418, 
	13491635433, 
	17325510002, 
	10470104242, 
	15957361339, 
	18435303746, 
	17325160621, 
	15957371124, 
	15957376722, 
	15957374019, 
	15957366251, 
	15983615423, 
	16136144568, 
	119169968232874, 
	131177495882827, 
	104243341468337, 
	102159604911972, 
	110359958284400, 
	18897679922, 
	17862992081, 
	18459215845, 
	18897703230, 
	18897667042, 
	18459178353, 
	17861887753, 
	17862997402, 
	15443682006, 
	16598916589, 
	16523080348, 
	136211118072154, 
	16002448046, 
	16599248351, 
	15968649951, 
	17121881258, 
	15443954093, 
	18897534746, 
	18897711135, 
	15503060232, 
	15507137974, 
	15956876217, 
	18450697195, 
	95188093937721, 
	82845057792209, 
	91228869240203, 
	15503201875, 
	15502978256, 
	16599412902, 
	16524237104, 
	18897551628, 
	17109009771, 
	17108971736, 
	17086569715, 
	118382652729061, 
	119293848229043, 
	17120866178, 
	17122214043, 
	14406679583, 
	0, 
	73949048256257, 
	113876851900426, 
	132259592388175, 
	95575238948327, 
	102814369422840, 
	75502010126640, 
	85813428590588, 
	86490931396573, 
	17141153099, 
	140164642047188, 
	71377448806509, 
	90072892650917, 
	96865367566704, 
	73060755698819, 
	76530443909428, 
	18182456608, 
	18897115785, 
	18897116845, 
	18897118507, 
	18897119503, 
	18897120868, 
	18897121931, 
	18182425133, 
	18896229321, 
	71060716968719, 
	114763770211803, 
	18896127525, 
	18896124320, 
	18896232119, 
	18896222853, 
	18170032354, 
	18896121004, 
	18462892217, 
	18461540788, 
	18462894593, 
	94020267622363, 
	137624104134020, 
	111972629507155, 
	116152673970658, 
	18896418413, 
	18435535291, 
	18464351556, 
	18464353914, 
	18464356233, 
	18464358704, 
	18464373968, 
	18464372850, 
	16945550029, 
	16945557433, 
	16945573694, 
	17354976067, 
	17363256069, 
	17420452843, 
	17889083042, 
	17857788598, 
	17799224866, 
	17838619895, 
	17838006839, 
	17464644182, 
	17466449380, 
	17278415853, 
	17275150809, 
	17275795209, 
	16571461202, 
	16572107136, 
	16571311078, 
	16571909908, 
	13633468484, 
	13632671563, 
	14348708797, 
	14004235777, 
	16057411888, 
	16062410809, 
	16065180813, 
	16062712948, 
	16082123712, 
	16737255386, 
	16708190748, 
	16057182201, 
	15391323441, 
	16734584478, 
	15334671028, 
	14348269600, 
	13997299436, 
	14527229510, 
	12772543293, 
	13630786846, 
	13784794366, 
	13785666020, 
	15295895753, 
	14347157007, 
	13813099821, 
	14057231976, 
	15146053853, 
	15519697166, 
	15290648124, 
	14064628358, 
	14046756619, 
	14048285180, 
	14349470649, 
	14055425251, 
	14705929107, 
	14700473573, 
	14712704206, 
	14712547902, 
	14701242661, 
	14809854900, 
	14809836765, 
	14798721934, 
	14798608838, 
	14875667895, 
	14875678235, 
	14920779925, 
	14901894832, 
	15124858806, 
	15123665491, 
	16431491215, 
	15123914491, 
	15129887320, 
	14721073639, 
	14721073185, 
	14721072425, 
	14721071897, 
	14721071288, 
	14721070668, 
	14721069953, 
	106755459092436
}
 
local function cloneAndAnimateCharacter(animId, Position)
    local row = math.floor(Position / 50)
    local column = Position % 50  
	local primarypartCFrame = character.PrimaryPart.CFrame
    local newCharacter = character:Clone()
    newCharacter.Parent = workspace
    newCharacter:SetPrimaryPartCFrame(primarypartCFrame * CFrame.new(column * 10, 0, -row * 20))
    local humanoid = newCharacter:FindFirstChildOfClass("Humanoid")
    if humanoid then
        local animation = Instance.new("Animation")
        animation.AnimationId = "rbxassetid://" .. tostring(animId)
        newCharacter.HumanoidRootPart.Anchored = true
        local animationTrack = humanoid:LoadAnimation(animation)
        animationTrack.Looped = true
        animationTrack:Play()
        humanoid.DisplayName = animId
    end
end

local baseplate = Instance.new("Part")
baseplate.Size = Vector3.new(10000, 5, 10000)
baseplate.Anchored = true
baseplate.Name = "FarBaseplate"
baseplate.Position = Vector3.new(10000, 0, 10000)
baseplate.Parent = workspace

local offsetY = (baseplate.Size.Y / 2) + 5
local targetPosition = Vector3.new(baseplate.Position.X, baseplate.Position.Y + offsetY, baseplate.Position.Z)
character:SetPrimaryPartCFrame(CFrame.new(targetPosition))
 
task.wait(1)
for i, animId in ipairs(animationIds) do
    cloneAndAnimateCharacter(animId, i)
end
 